1789489660.257603 1 0.098 61
1789489660.278831 2 0.076 61
1789489660.299833 3 0.136 61
1789489660.321014 4 0.138 61
1789489660.341817 5 0.140 61
1789489660.362795 6 0.131 61
1789489660.383891 7 0.138 61
1789489660.405017 8 0.138 61
1789489660.426002 9 0.139 61
1789489660.447064 10 0.185 61
1789489660.467997 11 0.137 61
1789489660.489001 12 0.138 61
1789489660.510003 13 0.139 61
1789489660.530999 14 0.137 61
1789489660.551821 15 0.177 61
1789489660.572998 16 0.136 61
1789489660.594005 17 0.142 61
1789489660.615000 18 0.137 61
1789489660.636013 19 0.138 61
1789489660.657001 20 0.177 61
1789489660.678022 21 0.138 61
1789489660.699001 22 0.138 61
1789489660.719780 23 0.137 61
1789489660.740825 24 0.136 61
1789489660.762047 25 0.177 61
1789489660.783003 26 0.138 61
1789489660.803884 27 0.135 61
1789489660.825012 28 0.137 61
1789489660.846048 29 0.180 61
1789489660.866818 30 0.135 61
1789489660.887997 31 0.138 61
1789489660.909017 32 0.137 61
1789489660.929762 33 0.137 61
1789489660.950782 34 0.081 61
1789489660.971917 35 0.085 61
1789489660.992955 36 0.113 61
1789489661.013998 37 0.137 61
1789489661.034833 38 0.135 61
1789489661.055841 39 0.178 61
1789489661.077022 40 0.135 61
1789489661.098023 41 0.139 61
1789489661.118850 42 0.136 61
1789489661.140052 43 0.140 61
1789489661.161062 44 0.177 61
1789489661.182016 45 0.138 61
1789489661.203058 46 0.155 61
1789489661.223804 47 0.142 61
1789489661.245019 48 0.137 61
1789489661.265879 49 0.134 61
1789489661.287019 50 0.138 61
1789489661.307999 51 0.138 61
1789489661.328768 52 0.070 61
1789489661.349940 53 0.114 61
1789489661.370933 54 0.176 61
1789489661.391967 55 0.137 61
1789489661.413014 56 0.137 61
1789489661.434049 57 0.138 61
1789489661.454800 58 0.135 61
1789489661.475907 59 0.183 61
1789489661.496989 60 0.141 61
1789489661.518016 61 0.139 61
1789489661.538828 62 0.137 61
1789489661.559892 63 0.134 61
1789489661.580923 64 0.176 61
1789489661.601886 65 0.139 61
1789489661.623007 66 0.138 61
1789489661.644053 67 0.137 61
1789489661.664882 68 0.138 61
1789489661.686041 69 0.179 61
1789489661.707028 70 0.138 61
1789489661.727836 71 0.139 61
1789489661.748996 72 0.138 61
1789489661.770013 73 0.139 61
1789489661.790999 74 0.138 61
1789489661.812057 75 0.138 61
1789489661.833016 76 0.137 61
1789489661.853787 77 0.140 61
1789489661.874755 78 0.142 61
1789489661.895982 79 0.137 61
1789489661.916997 80 0.138 61
1789489661.937821 81 0.136 61
1789489661.959022 82 0.138 61
1789489661.980020 83 0.139 61
1789489662.000825 84 0.132 61
1789489662.021998 85 0.137 61
1789489662.043022 86 0.139 61
1789489662.063925 87 0.139 61
1789489662.085055 88 0.139 61
1789489662.106040 89 0.179 61
1789489662.126812 90 0.138 61
1789489662.148056 91 0.138 61
1789489662.168851 92 0.138 61
1789489662.190013 93 0.138 61
1789489662.211008 94 0.178 61
1789489662.231824 95 0.138 61
1789489662.253013 96 0.138 61
1789489662.273850 97 0.139 61
1789489662.294995 98 0.138 61
1789489662.316038 99 0.177 61
1789489662.337022 100 0.140 61
1789489662.358064 101 0.125 61
1789489662.379013 102 0.139 61
1789489662.399750 103 0.136 61
1789489662.420833 104 0.137 61
1789489662.441828 105 0.137 61
1789489662.462816 106 0.137 61
1789489662.483787 107 0.136 61
1789489662.505019 108 0.140 61
1789489662.526060 109 0.177 61
1789489662.546842 110 0.138 61
1789489662.568012 111 0.137 61
1789489662.589018 112 0.138 61
1789489662.609828 113 0.140 61
1789489662.631016 114 0.137 61
1789489662.651998 115 0.138 61
1789489662.672878 116 0.138 61
1789489662.692416 117 0.140 61
1789489662.713016 118 0.138 61
1789489662.734045 119 0.178 61
1789489662.754842 120 0.138 61
1789489662.775994 121 0.138 61
1789489662.797046 122 0.140 61
1789489662.818013 123 0.139 61
1789489662.839056 124 0.176 61
1789489662.859985 125 0.142 61
1789489662.881037 126 0.151 61
1789489662.902006 127 0.138 61
1789489662.923004 128 0.140 61
1789489662.944057 129 0.177 61
1789489662.965002 130 0.140 61
1789489662.986017 131 0.138 61
1789489663.006987 132 0.138 61
1789489663.028022 133 0.139 61
1789489663.049093 134 0.177 61
1789489663.070005 135 0.139 61
1789489663.091020 136 0.140 61
1789489663.112022 137 0.141 61
1789489663.132854 138 0.135 61
1789489663.154011 139 0.138 61
1789489663.174998 140 0.138 61
1789489663.196019 141 0.138 61
1789489663.217018 142 0.138 61
1789489663.238062 143 0.179 61
1789489663.258851 144 0.136 61
1789489663.279997 145 0.138 61
1789489663.301020 146 0.140 61
1789489663.322013 147 0.137 61
1789489663.342928 148 0.178 61
1789489663.363866 149 0.141 61
1789489663.384654 150 0.066 61
1789489663.405677 151 0.079 61
1789489663.427673 152 0.078 61
